[gd_scene load_steps=16 format=3 uid="uid://cnl4dfk6hg1sg"]

[ext_resource type="Script" path="res://Scripts/Gameplay/GameplayManager.gd" id="1_n5lw0"]
[ext_resource type="PackedScene" uid="uid://54n1o7mxvcbk" path="res://Prefabs/GameOver/game_over_menu.tscn" id="2_1uyik"]
[ext_resource type="Script" path="res://Scripts/mechanics/heat.gd" id="2_7pvfv"]
[ext_resource type="PackedScene" uid="uid://cstwwhxy36qli" path="res://Prefabs/Player/player.tscn" id="3_iujbc"]
[ext_resource type="PackedScene" uid="uid://cka4heni3dqxn" path="res://Prefabs/Entities/bird.tscn" id="3_rcxo3"]
[ext_resource type="Script" path="res://Scripts/obstacle/obstacle_container.gd" id="4_25wa6"]
[ext_resource type="PackedScene" uid="uid://u40l62v2dp8d" path="res://Prefabs/Obstacles/obstacle.tscn" id="5_cm0v1"]
[ext_resource type="PackedScene" uid="uid://cdu1thohecrr2" path="res://Prefabs/UI/hud.tscn" id="6_5eabv"]
[ext_resource type="PackedScene" uid="uid://mal72xb6sgs2" path="res://Prefabs/Entities/moai.tscn" id="9_scw40"]
[ext_resource type="PackedScene" uid="uid://07setvq065rx" path="res://Prefabs/Transitions/fade.tscn" id="10_hbl1l"]

[sub_resource type="ProceduralSkyMaterial" id="ProceduralSkyMaterial_kdnv7"]
sky_top_color = Color(0.333333, 0.670588, 0.968627, 1)
sky_horizon_color = Color(0.64625, 0.65575, 0.67075, 1)
ground_horizon_color = Color(0.64625, 0.65575, 0.67075, 1)

[sub_resource type="Sky" id="Sky_mouic"]
sky_material = SubResource("ProceduralSkyMaterial_kdnv7")

[sub_resource type="Environment" id="Environment_jfou3"]
background_mode = 2
sky = SubResource("Sky_mouic")
ambient_light_color = Color(0.713726, 0.713726, 0.713726, 1)
ambient_light_sky_contribution = 0.15
tonemap_mode = 2

[sub_resource type="BoxShape3D" id="BoxShape3D_hus64"]
size = Vector3(30, 0.5, 30)

[sub_resource type="PlaneMesh" id="PlaneMesh_ilqs3"]
size = Vector2(30, 30)

[node name="Gameplay" type="Node3D" node_paths=PackedStringArray("gameOverMenu")]
script = ExtResource("1_n5lw0")
gameOverMenu = NodePath("UI/GameOverMenu")

[node name="Heat" type="Node" parent="."]
script = ExtResource("2_7pvfv")

[node name="Birds" type="Node" parent="."]

[node name="Bird" parent="Birds" instance=ExtResource("3_rcxo3")]
transform = Transform3D(1, 0, 0, 0, 1, 0, 0, 0, 1, -3.7571, 17.881, -6.81118)

[node name="Bird2" parent="Birds" instance=ExtResource("3_rcxo3")]
transform = Transform3D(0.540607, 0, 0.841275, 0, 1, 0, -0.841275, 0, 0.540607, -0.58275, 17.881, 0.280465)

[node name="Bird3" parent="Birds" instance=ExtResource("3_rcxo3")]
transform = Transform3D(-0.547899, 0, -0.836544, 0, 1, 0, 0.836544, 0, -0.547899, 1.25825, 17.881, -6.02315)

[node name="Obstacles" type="Node" parent="."]
script = ExtResource("4_25wa6")

[node name="Obstacle" parent="Obstacles" instance=ExtResource("5_cm0v1")]
transform = Transform3D(1, 0, 0, 0, 1, 0, 0, 0, 1, 0, 0, -4.55247)

[node name="Obstacle2" parent="Obstacles" instance=ExtResource("5_cm0v1")]
transform = Transform3D(0.0345158, 0, -0.999404, 0, 1, 0, 0.999404, 0, 0.0345158, 5.67071, 0, 3.54072)
heat_threshold = 200

[node name="Obstacle3" parent="Obstacles" instance=ExtResource("5_cm0v1")]
transform = Transform3D(0.076371, 0, 0.997079, 0, 1, 0, -0.997079, 0, 0.076371, -8.54257, 0, 0)
heat_threshold = 300

[node name="UI" type="Node" parent="."]

[node name="Hud" parent="UI" node_paths=PackedStringArray("heat", "player") instance=ExtResource("6_5eabv")]
heat = NodePath("../../Heat")
player = NodePath("../../Player")

[node name="GameOverMenu" parent="UI" instance=ExtResource("2_1uyik")]
layer = 10
visible = false

[node name="Map" type="Node" parent="."]

[node name="WorldEnvironment" type="WorldEnvironment" parent="Map"]
environment = SubResource("Environment_jfou3")

[node name="DirectionalLight3D" type="DirectionalLight3D" parent="Map"]
transform = Transform3D(-0.866024, -0.433016, 0.250001, 0, 0.499998, 0.866027, -0.500003, 0.75, -0.43301, 0, 0, 0)
light_energy = 0.086
shadow_enabled = true

[node name="Floor" type="StaticBody3D" parent="Map"]

[node name="CollisionShape3D" type="CollisionShape3D" parent="Map/Floor"]
shape = SubResource("BoxShape3D_hus64")

[node name="MeshInstance3D" type="MeshInstance3D" parent="Map/Floor"]
mesh = SubResource("PlaneMesh_ilqs3")

[node name="Player" parent="." instance=ExtResource("3_iujbc")]
transform = Transform3D(1, -0.000105512, -0.000152877, 0.000105694, 0.999999, 0.00117219, 0.000152751, -0.00117221, 0.999999, 0.0115761, 1.1759, -0.00186348)
collision_mask = 17

[node name="Moai" parent="." instance=ExtResource("9_scw40")]
transform = Transform3D(1, 0, 0, 0, 1, 0, 0, 0, 1, -4.16802, 1.95171, 3.38527)

[node name="Transitions" type="Node" parent="."]

[node name="Fade" parent="Transitions" instance=ExtResource("10_hbl1l")]
